52
3 88 90 95 
3 95 94 95 
2 95 94 
6 94 68 84 89 87 98 
4 94 68 84 110 
6 94 81 84 89 87 98 
1 87 
2 110 51 
5 98 15 104 16 108 
2 104 105 
2 104 81 
2 105 103 
4 105 103 50 105 
3 103 68 84 
5 108 11 100 109 12 
1 100 
4 100 101 51 100 
3 101 68 84 
4 109 107 89 109 
2 109 107 
2 107 99 
2 107 111 
2 107 106 
2 107 93 
5 93 84 39 96 51 
3 106 71 51 
4 106 71 96 51 
8 111 83 89 15 96 16 87 108 
7 99 67 15 96 16 87 108 
12 99 67 15 96 16 87 108 90 61 89 87 108 
1 90 
1 89 
2 96 91 
4 96 91 26 91 
4 96 91 27 91 
4 96 91 24 91 
4 96 91 28 91 
4 96 91 29 91 
4 96 91 25 91 
2 91 102 
4 91 102 17 91 
4 91 102 18 91 
2 102 97 
4 102 97 19 102 
4 102 97 20 102 
2 97 2 
4 97 15 96 16 
5 97 84 15 92 16 
2 97 84 
1 92 
2 92 96 
4 92 96 50 92 
